-70	0	
-69.9614	0.0788747	
-69.8986	0.191034	
-69.8231	0.307747	
-69.7405	0.417906	
-69.6537	0.517826	
-69.5645	0.606574	
-69.4742	0.68427	
-69.384	0.751463	
-69.2945	0.808883	
-69.2065	0.857322	
-69.0942	0.896818	
-68.9717	0.936443	
-68.8483	0.978993	
-68.7277	1.0228	
-68.6113	1.06555	
-68.4997	1.10542	
-68.393	1.14123	
-68.2914	1.17229	
-68.1949	1.19828	
-68.1035	1.21914	
-68.013	1.23406	
-67.9205	1.2428	
-67.8258	1.24595	
-67.7296	1.24447	
-67.6335	1.23933	
-67.5386	1.23135	
-67.446	1.22117	
-67.3564	1.20927	
-67.2703	1.19601	
-67.1879	1.18166	
-67.0858	1.17327	
-66.9658	1.16973	
-66.834	1.16995	
-66.6956	1.17253	
-66.5544	1.17613	
-66.4132	1.17975	
-66.2737	1.18267	
-66.1373	1.18449	
-66.0051	1.18497	
-65.8777	1.18401	
-65.6734	1.18563	
-65.4173	1.21042	
-65.1386	1.26644	
-64.8551	1.34897	
-64.5772	1.4488	
-64.3107	1.55698	
-64.0594	1.66642	
-63.8254	1.77201	
-63.6098	1.87036	
-63.4129	1.95938	
-63.1199	2.0129	
-62.822	2.09394	
-62.5547	2.19574	
-62.3244	2.29759	
-62.1293	2.3876	
-61.9654	2.46135	
-61.8289	2.51822	
-61.7162	2.55922	
-61.6244	2.58596	
-61.5509	2.60017	
-61.417	2.64497	
-61.2711	2.70388	
-61.1351	2.76103	
-61.0145	2.80771	
-60.9098	2.84109	
-60.82	2.86121	
-60.7439	2.8692	
-60.6805	2.86651	
-60.6286	2.85457	
-60.5872	2.83472	
-60.5483	2.80473	
-60.513	2.76769	
-60.4827	2.72603	
-60.4578	2.68109	
-60.4382	2.63366	
-60.4237	2.58428	
-60.4137	2.53336	
-60.408	2.48126	
-60.4062	2.4283	
-60.408	2.37478	
-59.9199	2.49021	
-59.534	2.63029	
-59.2119	2.75777	
-58.9389	2.86055	
-58.7079	2.93693	
-58.5142	2.98931	
-58.3541	3.02135	
-58.2245	3.03667	
-58.1224	3.03845	
-58.045	3.02933	
-57.5706	2.98627	
-57.3048	2.99578	
-57.1277	3.00666	
-57.0082	3.0119	
-56.9333	3.00958	
-56.8947	2.99942	
-56.8863	2.98194	
-56.9033	2.95804	
-56.9415	2.92873	
-56.9974	2.89502	
-57.0032	2.83695	
-57.0132	2.79465	
-57.043	2.76708	
-57.0928	2.74587	
-57.1595	2.72544	
-57.2398	2.70309	
-57.3308	2.6778	
-57.4301	2.64945	
-57.5358	2.61831	
-57.6464	2.58482	
-57.3396	2.57488	
-57.1584	2.61463	
-57.0367	2.66415	
-56.9532	2.71087	
-56.8982	2.74946	
-56.8665	2.77807	
-56.8543	2.79663	
-56.8589	2.80585	
-56.878	2.80677	
-56.9097	2.8005	
-56.451	2.84528	
-56.2234	2.93118	
-56.0943	3.01166	
-56.0246	3.07699	
-55.9972	3.12442	
-56.0018	3.15427	
-56.0312	3.16827	
-56.0802	3.16863	
-56.1446	3.15758	
-56.2212	3.13721	
-56.3028	3.10994	
-56.386	3.07757	
-56.4701	3.04126	
-56.555	3.00188	
-56.641	2.96015	
-56.7283	2.9167	
-56.8168	2.87206	
-56.9066	2.82668	
-56.9975	2.78094	
-57.0894	2.73511	
-56.8544	2.77445	
-56.716	2.82344	
-56.6242	2.86781	
-56.5593	2.90476	
-56.5136	2.93379	
-56.4838	2.95507	
-56.468	2.96909	
-56.4645	2.97645	
-56.4723	2.97778	
-56.4902	2.9737	
-56.235	2.90362	
-55.9626	2.87094	
-55.7342	2.87695	
-55.5578	2.90161	
-55.4285	2.92987	
-55.3389	2.95374	
-55.2823	2.96982	
-55.2531	2.9772	
-55.2467	2.97618	
-55.2592	2.9676	
-54.7574	3.17561	
-54.3761	3.32598	
-54.0906	3.44034	
-53.8804	3.52292	
-53.7298	3.57679	
-53.6268	3.60577	
-53.5619	3.61394	
-53.5279	3.60516	
-53.519	3.58284	
-53.5307	3.54987	
-53.5464	3.50627	
-53.5688	3.45587	
-53.5996	3.40124	
-53.6391	3.34395	
-53.6869	3.28512	
-53.7422	3.22558	
-53.8044	3.1659	
-53.8728	3.10653	
-53.9465	3.04777	
-54.0251	2.98985	
-53.952	2.97944	
-53.8665	2.99585	
-53.8	3.02298	
-53.7576	3.04909	
-53.7383	3.06871	
-53.7395	3.08008	
-53.7588	3.08323	
-53.7938	3.07886	
-53.8426	3.06792	
-53.9033	3.05134	
-53.9824	3.01398	
-54.0706	2.97326	
-54.1643	2.93221	
-54.2621	2.89126	
-54.3631	2.85056	
-54.4669	2.8102	
-54.5731	2.77028	
-54.6811	2.73087	
-54.7906	2.69202	
-54.9014	2.65378	
-54.5825	2.68753	
-54.3836	2.74717	
-54.2393	2.81247	
-54.1334	2.87408	
-54.0586	2.92636	
-54.0096	2.96695	
-53.9824	2.99555	
-53.9735	3.01289	
-53.9802	3.02015	
-54.0001	3.01865	
-53.5439	3.09201	
-53.1404	3.19088	
-52.8095	3.29678	
-52.551	3.39562	
-52.3571	3.47933	
-52.2188	3.54525	
-52.1277	3.59361	
-52.0765	3.62588	
-52.059	3.64395	
-52.0702	3.64972	
-51.9652	3.67322	
-51.9073	3.69499	
-51.8904	3.70709	
-51.9066	3.70896	
-51.9496	3.70125	
-52.0151	3.685	
-52.0992	3.66135	
-52.199	3.63141	
-52.3119	3.59621	
-52.4357	3.55669	
-52.5386	3.50653	
-52.6301	3.45225	
-52.7211	3.39888	
-52.8168	3.34848	
-52.9192	3.30153	
-53.0287	3.25785	
-53.145	3.21705	
-53.2674	3.17869	
-53.3952	3.14236	
-53.5276	3.1077	
-53.6253	3.06342	
-53.7075	3.02019	
-53.7875	2.98282	
-53.8706	2.95147	
-53.9586	2.92498	
-54.0523	2.902	
-54.1515	2.88135	
-54.2562	2.86208	
-54.366	2.84346	
-54.4804	2.82494	
-54.6807	2.80717	
-54.8414	2.78818	
-54.9854	2.76974	
-55.1213	2.7528	
-55.2532	2.73736	
-55.383	2.72312	
-55.5118	2.70968	
-55.6401	2.69667	
-55.7683	2.68374	
-55.8966	2.67061	
-55.7722	2.76141	
-55.7175	2.83961	
-55.7027	2.90242	
-55.7129	2.95097	
-55.7413	2.9865	
-55.7842	3.0104	
-55.8389	3.02411	
-55.9035	3.02907	
-55.9766	3.02663	
-56.0566	3.01802	
-56.2251	2.94966	
-56.3668	2.90414	
-56.4955	2.86748	
-56.616	2.83573	
-56.7307	2.80699	
-56.8411	2.78017	
-56.948	2.75458	
-57.0522	2.72975	
-57.1542	2.70538	
-57.2543	2.68127	
-57.282	2.65669	
-57.2834	2.64518	
-57.2785	2.6437	
-57.2742	2.64601	
-57.2733	2.64813	
-57.2767	2.64818	
-57.2849	2.64546	
-57.2983	2.63986	
-57.3166	2.6315	
-57.3398	2.62062	
-57.0966	2.59294	
-56.9396	2.62434	
-56.8254	2.66141	
-56.7407	2.69408	
-56.6796	2.7192	
-56.6386	2.73588	
-56.6149	2.74425	
-56.6063	2.74496	
-56.6108	2.73887	
-56.6266	2.72692	
-56.323	2.69882	
-56.1309	2.75335	
-55.9847	2.81184	
-55.8692	2.86231	
-55.779	2.90196	
-55.711	2.93059	
-55.6629	2.94897	
-55.6325	2.95819	
-55.6182	2.95943	
-55.618	2.9538	
-55.2495	2.95307	
-55.0598	2.98521	
-54.9475	3.01667	
-54.8834	3.04018	
-54.8549	3.05336	
-54.8543	3.05599	
-54.8762	3.04885	
-54.9164	3.03319	
-54.9716	3.01038	
-55.0392	2.98174	
-54.9487	3.02154	
-54.8578	3.07903	
-54.7924	3.13208	
-54.7536	3.17153	
-54.7385	3.19531	
-54.7437	3.20443	
-54.7664	3.20098	
-54.8038	3.1872	
-54.8538	3.16518	
-54.9147	3.1367	
-54.9725	3.10891	
-55.0247	3.07805	
-55.0727	3.04495	
-55.1187	3.01121	
-55.1651	2.97796	
-55.2139	2.94583	
-55.2663	2.91506	
-55.323	2.88562	
-55.3843	2.85735	
-55.4505	2.82999	
-55.4425	2.79571	
-55.4312	2.78183	
-55.4376	2.78319	
-55.4633	2.78912	
-55.5059	2.79306	
-55.562	2.79203	
-55.6292	2.78515	
-55.705	2.77257	
-55.7878	2.75486	
-55.8761	2.73278	
-55.9679	2.70754	
-56.0619	2.68001	
-56.1569	2.6507	
-56.2527	2.62	
-56.3488	2.58823	
-56.445	2.5557	
-56.5412	2.52267	
-56.6372	2.48938	
-56.7329	2.45601	
-56.8281	2.42272	
-56.9053	2.39503	
-56.9706	2.37119	
-57.0301	2.35022	
-57.0869	2.33147	
-57.1428	2.31438	
-57.1984	2.29848	
-57.2542	2.28334	
-57.3105	2.26862	
-57.3673	2.25404	
-57.4247	2.23942	
-57.4528	2.2211	
-57.4599	2.20008	
-57.456	2.1787	
-57.4474	2.15861	
-57.4381	2.14071	
-57.4305	2.12533	
-57.4262	2.11234	
-57.4261	2.10135	
-57.431	2.09184	
-57.441	2.08326	
-57.4771	2.07041	
-57.523	2.06126	
-57.5711	2.05611	
-57.6191	2.05311	
-57.6663	2.05087	
-57.7127	2.04861	
-57.7585	2.04593	
-57.8038	2.04262	
-57.8489	2.0386	
-57.894	2.03386	
-57.8888	2.0343	
-57.8682	2.04786	
-57.8493	2.07043	
-57.8373	2.09589	
-57.8332	2.12041	
-57.8368	2.14214	
-57.8476	2.16033	
-57.8649	2.17475	
-57.8882	2.18547	
-57.9167	2.19267	
-58.0247	2.20279	
-58.0932	2.22376	
-58.1378	2.24885	
-58.1673	2.27584	
-58.1879	2.30335	
-58.2041	2.3304	
-58.2188	2.35622	
-58.2343	2.38017	
-58.2519	2.40175	
-58.2726	2.42055	
-58.187	2.45473	
-58.1152	2.50165	
-58.0646	2.54771	
-58.0316	2.58817	
-58.0134	2.62165	
-58.0081	2.64789	
-58.0144	2.66711	
-58.0309	2.67976	
-58.0566	2.6864	
-58.0905	2.68762	
-57.6717	2.71905	
-57.4461	2.81033	
-57.3093	2.89901	
-57.2276	2.97289	
-57.1857	3.02852	
-57.1742	3.066	
-57.1866	3.087	
-57.2181	3.09377	
-57.2646	3.08861	
-57.3232	3.07369	
-57.3844	3.05257	
-57.445	3.02575	
-57.5051	2.99411	
-57.5657	2.95888	
-57.6273	2.92119	
-57.6903	2.88192	
-57.755	2.84173	
-57.8213	2.8011	
-57.8891	2.76036	
-57.9584	2.71977	
-57.789	2.80772	
-57.7349	2.8781	
-57.7231	2.9279	
-57.7355	2.96043	
-57.7647	2.97783	
-57.8066	2.98212	
-57.8581	2.97532	
-57.9171	2.95934	
-57.982	2.93591	
-58.0513	2.90652	
-58.0705	2.87157	
-58.091	2.83794	
-58.1174	2.80452	
-58.149	2.77051	
-58.1853	2.73586	
-58.2262	2.70069	
-58.2715	2.66519	
-58.321	2.62947	
-58.3746	2.59361	
-58.4318	2.55766	
-58.4798	2.51545	
-58.5238	2.47124	
-58.5685	2.42793	
-58.616	2.38635	
-58.6666	2.34656	
-58.7204	2.30833	
-58.7769	2.27144	
-58.8359	2.23566	
-58.8968	2.20084	
-58.9595	2.16683	
-58.8436	2.18893	
-58.7226	2.26323	
-58.6349	2.35612	
-58.583	2.4427	
-58.5613	2.51243	
-58.5637	2.56289	
-58.5849	2.59516	
-58.6208	2.61156	
-58.668	2.61466	
-58.7238	2.60688	
-58.7812	2.59076	
-58.8407	2.56808	
-58.9028	2.54038	
-58.9673	2.50892	
-59.0336	2.47472	
-59.1016	2.43858	
-59.1706	2.40112	
-59.2404	2.36283	
-59.3107	2.32411	
-59.3812	2.28525	
-59.4482	2.24652	
-59.5086	2.20797	
-59.5616	2.16967	
-59.6074	2.13178	
-59.6469	2.09454	
-59.6813	2.05813	
-59.7115	2.02271	
-59.7382	1.9884	
-59.7623	1.95523	
-59.7843	1.92324	
-59.8027	1.88739	
-59.8132	1.85413	
-59.816	1.82579	
-59.8128	1.80242	
-59.8053	1.78343	
-59.7948	1.76816	
-59.7829	1.75599	
-59.7703	1.74639	
-59.7578	1.73888	
-59.7462	1.73304	
-59.7156	1.73583	
-59.6723	1.74127	
-59.6216	1.748	
-59.5678	1.75634	
-59.5141	1.76664	
-59.463	1.77888	
-59.416	1.79264	
-59.3744	1.80731	
-59.3388	1.82221	
-59.3095	1.83666	
-59.1086	1.91263	
-58.9045	2.0526	
-58.7346	2.20496	
-58.6011	2.33888	
-58.4993	2.44489	
-58.4236	2.52304	
-58.3694	2.57664	
-58.3328	2.60965	
-58.3108	2.62584	
-58.301	2.62849	
-58.351	2.6071	
-58.3809	2.59023	
-58.4017	2.57054	
-58.4186	2.54773	
-58.4338	2.52233	
-58.4489	2.49494	
-58.4646	2.46607	
-58.4816	2.43618	
-58.5001	2.40564	
-58.5204	2.37475	
-58.5405	2.3443	
-58.559	2.31493	
-58.5762	2.28702	
-58.5927	2.26057	
-58.6091	2.23545	
-58.626	2.21154	
-58.6439	2.18873	
-58.6629	2.1669	
-58.6834	2.14598	
-58.7054	2.12588	
-58.4599	2.20138	
-58.2262	2.30836	
-58.0216	2.4179	
-57.8452	2.5156	
-57.6945	2.59729	
-57.5677	2.66296	
-57.4633	2.71403	
-57.3797	2.75227	
-57.3153	2.77939	
-57.2687	2.79689	
-56.8043	2.80866	
-56.5363	2.88516	
-56.3527	2.95845	
-56.2247	3.01766	
-56.1397	3.06024	
-56.0899	3.0865	
-56.0691	3.09798	
-56.0726	3.09668	
-56.0965	3.0846	
-56.1374	3.06363	
-56.1641	3.03749	
-56.1819	3.00609	
-56.1984	2.97037	
-56.2182	2.93142	
-56.2432	2.89014	
-56.2743	2.8472	
-56.3113	2.80311	
-56.3543	2.75827	
-56.4028	2.713	
-56.4564	2.66756	
-56.5109	2.62475	
-56.5645	2.58563	
-56.6177	2.55029	
-56.6712	2.51813	
-56.7255	2.48843	
-56.781	2.46056	
-56.8377	2.43403	
-56.8956	2.40849	
-56.9547	2.38366	
-57.015	2.35938	
-56.6637	2.31555	
-56.447	2.34923	
-56.2932	2.39866	
-56.1819	2.44897	
-56.1041	2.49391	
-56.0542	2.53081	
-56.028	2.55887	
-56.0222	2.57824	
-56.0337	2.58956	
-56.0601	2.59363	
-56.0453	2.57362	
-56.0291	2.55847	
-56.0216	2.54792	
-56.0246	2.53922	
-56.0381	2.53068	
-56.0616	2.52133	
-56.0944	2.51063	
-56.1356	2.49831	
-56.1845	2.48423	
-56.2403	2.46838	
-56.3728	2.42433	
-56.4648	2.38529	
-56.5341	2.3527	
-56.5906	2.32679	
-56.6402	2.30703	
-56.6864	2.29261	
-56.7317	2.28253	
-56.7777	2.27579	
-56.8254	2.27141	
-56.8755	2.26851	
-56.8443	2.26885	
-56.774	2.28333	
-56.6927	2.31034	
-56.6133	2.34354	
-56.5412	2.37773	
-56.4786	2.40962	
-56.4264	2.43742	
-56.385	2.46028	
-56.3543	2.47792	
-56.3339	2.49041	
-56.3024	2.49289	
-56.2595	2.49213	
-56.2146	2.49371	
-56.1741	2.49862	
-56.1418	2.50611	
-56.1193	2.51505	
-56.1076	2.52429	
-56.107	2.53283	
-56.1172	2.53987	
-56.1379	2.54482	
-56.196	2.53189	
-56.248	2.5232	
-56.3	2.51446	
-56.3539	2.50485	
-56.4105	2.4939	
-56.47	2.48133	
-56.5326	2.46704	
-56.5982	2.45099	
-56.6666	2.43326	
-56.7376	2.41396	
-56.6189	2.45667	
-56.5331	2.49653	
-56.474	2.53023	
-56.4362	2.55728	
-56.4165	2.57742	
-56.4124	2.59056	
-56.422	2.59691	
-56.4434	2.59691	
-56.4753	2.59111	
-56.5162	2.58015	
-56.3696	2.58665	
-56.2694	2.61292	
-56.2088	2.64088	
-56.178	2.66529	
-56.1706	2.68412	
-56.1825	2.69661	
-56.2108	2.70265	
-56.2533	2.70253	
-56.3077	2.69672	
-56.3725	2.68576	
-56.4374	2.68064	
-56.5033	2.67701	
-56.5696	2.67182	
-56.6358	2.6637	
-56.7019	2.6523	
-56.7679	2.63777	
-56.8341	2.62046	
-56.9008	2.60078	
-56.968	2.57911	
-57.0361	2.55583	
-56.8968	2.55878	
-56.7756	2.58343	
-56.6672	2.61166	
-56.5711	2.63876	
-56.4876	2.66287	
-56.4171	2.68312	
-56.3598	2.69913	
-56.3153	2.71083	
-56.2832	2.71825	
-56.263	2.72156	
-55.7835	2.81237	
-55.4692	2.91909	
-55.2476	3.01078	
-55.0874	3.08199	
-54.9735	3.13273	
-54.8964	3.16494	
-54.8498	3.18115	
-54.8286	3.18395	
-54.8287	3.17571	
-54.8469	3.15851	
-54.8309	3.15134	
-54.8154	3.1453	
-54.8073	3.13548	
-54.8074	3.12109	
-54.8154	3.10251	
-54.8313	3.0803	
-54.8548	3.055	
-54.8854	3.02706	
-54.9228	2.9969	
-54.9666	2.96484	
-54.9903	2.93422	
-55.0027	2.90182	
-55.0103	2.86713	
-55.0168	2.83069	
-55.0246	2.7932	
-55.0354	2.75525	
-55.0503	2.71721	
-55.0698	2.67925	
-55.0943	2.64148	
-55.1239	2.60388	
-55.0717	2.59963	
-55.0238	2.59559	
-54.9844	2.5904	
-54.953	2.58455	
-54.93	2.57814	
-54.9156	2.57093	
-54.9102	2.56258	
-54.9136	2.55273	
-54.9257	2.54108	
-54.9462	2.52741	
-54.9868	2.50352	
-55.043	2.47456	
-55.1105	2.44353	
-55.1865	2.41164	
-55.2689	2.3795	
-55.3563	2.34746	
-55.4476	2.31575	
-55.5418	2.28453	
-55.6383	2.25388	
-55.7363	2.22386	
-55.8015	2.18822	
-55.845	2.15596	
-55.8785	2.13091	
-55.9086	2.11265	
-55.9385	2.09954	
-55.97	2.08985	
-56.0041	2.08213	
-56.0413	2.07521	
-56.0818	2.06823	
-56.1257	2.06058	
-56.182	2.04713	
-56.2474	2.03174	
-56.3188	2.01583	
-56.3947	1.99972	
-56.4738	1.98354	
-56.5555	1.96736	
-56.6391	1.95127	
-56.7241	1.93532	
-56.8102	1.91955	
-56.897	1.90401	
-56.6141	2.01235	
-56.4273	2.15757	
-56.2956	2.29409	
-56.2034	2.41044	
-56.1424	2.50383	
-56.1073	2.57524	
-56.0938	2.62707	
-56.0984	2.66207	
-56.1183	2.68288	
-56.1511	2.69184	
-55.9023	2.79667	
-55.7377	2.90998	
-55.6234	3.00646	
-55.547	3.08249	
-55.5019	3.13829	
-55.483	3.17557	
-55.4863	3.19662	
-55.5085	3.20374	
-55.5466	3.19909	
-55.5982	3.18459	
-55.6612	3.1619	
-55.7338	3.13245	
-55.8144	3.09748	
-55.9015	3.05803	
-55.9942	3.01499	
-56.0913	2.96913	
-56.1919	2.92111	
-56.2953	2.87149	
-56.4009	2.82075	
-56.508	2.7693	
-56.4676	2.69821	
-56.4243	2.66882	
-56.4002	2.66327	
-56.3968	2.66523	
-56.4113	2.66561	
-56.4407	2.66036	
-56.4822	2.6482	
-56.5336	2.62921	
-56.5929	2.60409	
-56.6587	2.57377	
-56.6784	2.52871	
-56.6692	2.47867	
-56.6492	2.43064	
-56.6284	2.38704	
-56.6118	2.34811	
-56.6017	2.3133	
-56.5993	2.2818	
-56.6049	2.2528	
-56.6185	2.22558	
-56.6398	2.19951	
-56.6666	2.16616	
-56.6931	2.14656	
-56.7249	2.13215	
-56.7621	2.11871	
-56.8036	2.10415	
-56.8485	2.08766	
-56.8963	2.06905	
-56.9464	2.04845	
-56.9982	2.02615	
-57.0517	2.00245	
-57.0702	1.97727	
-57.0543	1.95545	
-57.0206	1.94068	
-56.9789	1.93418	
-56.9354	1.93557	
-56.8833	1.9535	
-56.8389	1.97668	
-56.8023	2.00264	
-56.774	2.02968	
-56.7542	2.05629	
-56.6035	2.13155	
-56.4552	2.24368	
-56.3309	2.36436	
-56.2369	2.47387	
-56.179	2.56527	
-56.1459	2.63903	
-56.1329	2.69531	
-56.1367	2.73552	
-56.1549	2.76165	
-56.1854	2.77579	
-56.2136	2.77325	
-56.2348	2.7626	
-56.2555	2.74767	
-56.2785	2.72975	
-56.3051	2.70957	
-56.3373	2.68799	
-56.3688	2.66487	
-56.3942	2.63696	
-56.4257	2.6119	
-56.4649	2.58879	
-56.4861	2.56405	
-56.4913	2.54748	
-56.4718	2.52106	
-56.4648	2.51485	
-56.4683	2.51539	
-56.4821	2.51824	
-56.5054	2.52112	
-56.5381	2.52201	
-56.5727	2.53317	
-56.6136	2.54587	
-56.6433	2.5591	
-56.6513	2.53598	
-56.6618	2.53766	
-56.6774	2.5449	
-56.6957	2.55051	
-56.7177	2.55448	
-56.7452	2.55654	
-56.7785	2.55619	
-56.8044	2.53145	
-56.8282	2.51514	
-56.7603	2.52113	
-56.6814	2.5525	
-56.6033	2.57403	
-56.5516	2.60991	
-56.5181	2.6424	
-56.4993	2.66744	
-56.4869	2.68731	
-56.4849	2.70114	
-56.4976	2.71309	
-56.5185	2.71843	
-56.5061	2.72932	
-56.4884	2.74858	
-56.4707	2.76889	
-56.4564	2.78621	
-56.4314	2.7899	
-56.3805	2.82652	
-56.3488	2.87415	
-56.307	2.91436	
-56.2762	2.95832	
-56.2554	2.99624	
-56.1328	3.10463	
-56.032	3.21188	
-55.9647	3.30705	
-55.9284	3.38426	
-55.9165	3.44191	
-55.9312	3.47679	
-55.965	3.49528	
-56.0171	3.50288	
-56.0595	3.51572	
-56.1018	3.52071	
-55.9618	3.4071	
-55.8785	3.34683	
-55.8204	3.31617	
-55.7802	3.30816	
-55.757	3.30341	
-55.7492	3.30328	
-55.7469	3.31494	
-55.7615	3.31961	
-55.7661	3.3105	
-55.7798	3.29508	
-55.715	3.32661	
-55.6907	3.35589	
-55.6654	3.38868	
-55.6512	3.44611	
-55.6387	3.49759	
-55.6378	3.54654	
-55.6354	3.58468	
-55.6428	3.60058	
-55.633	3.61014	
-55.648	3.59603	
-55.6409	3.60227	
-55.6476	3.63441	
-55.6539	3.65909	
-55.6372	3.67872	
-55.6224	3.69088	
-55.6216	3.70456	
-55.6217	3.70786	
-55.6187	3.71661	
-55.6249	3.71699	
-55.6434	3.72976	
-55.5891	3.74032	
-55.5299	3.75881	
-55.4618	3.79649	
-55.3922	3.84097	
-55.305	3.87042	
-55.2315	3.88554	
-55.137	3.90929	
-55.0823	3.92585	
-54.9636	3.90603	
-54.8556	3.88186	
-54.6549	3.89572	
-54.4517	3.957	
-54.278	4.01339	
-54.063	4.1403	
-53.9043	4.26132	
-53.755	4.34922	
-53.6227	4.47234	
-53.5123	4.53675	
-53.3792	4.57063	
-53.2281	4.62727	
-53.0135	4.7485	
-52.8331	4.87395	
-52.6934	4.99048	
-52.5595	5.11427	
-52.4381	5.23175	
-52.3381	5.35608	
-52.2065	5.44324	
-52.0506	5.51223	
-51.9137	5.57057	
-51.7501	5.61372	
-51.5011	5.67239	
-51.2892	5.76415	
-51.0866	5.8423	
-50.9423	5.90409	
-50.8141	5.96666	
-50.733	6.02168	
-50.6617	6.06244	
-50.6225	6.0922	
-50.5955	6.12206	
-50.5809	6.14784	
-50.3771	6.04701	
-50.1348	5.96186	
-49.8467	5.95891	
-49.6774	5.94251	
-49.5319	5.92367	
-49.3858	5.90369	
-49.2456	5.89247	
-49.1196	5.88834	
-48.9824	5.87608	
-48.8549	5.85139	
-48.6367	5.86747	
-48.4693	5.9136	
-48.2813	6.00609	
-48.1463	6.15867	
-47.9858	6.29544	
-47.8465	6.48073	
-47.7072	6.56566	
-47.5197	6.70275	
-47.3896	6.83957	
-47.2867	6.98704	
-47.1409	7.0979	
-47.0288	7.21649	
-46.9454	7.31258	
-46.8987	7.40821	
-46.8479	7.50148	
-46.8234	7.58544	
-46.7997	7.66919	
-46.7781	7.73021	
-46.7373	7.79432	
-46.7217	7.89154	
-46.7236	7.91868	
-46.7519	7.97046	
-46.794	8.02883	
-46.7894	8.07204	
-46.8313	8.13902	
-46.8514	8.21606	
-46.8807	8.29535	
-46.8691	8.34493	
-46.8488	8.44585	
-46.8553	8.54676	
-46.7053	8.58036	
-46.5897	8.64809	
-46.4547	8.7343	
-46.2759	8.81498	
-46.0598	8.94371	
-45.9276	9.10403	
-45.7555	9.21773	
-45.6363	9.33953	
-45.5525	9.41158	
-45.482	9.46887	
-45.3558	9.50777	
-45.2696	9.53035	
-45.1515	9.55581	
-45.0285	9.59054	
-44.89	9.53252	
-44.7957	9.50647	
-44.7091	9.53787	
-44.6188	9.56701	
-44.5501	9.6485	
-44.4339	9.71867	
-44.1756	9.77178	
-43.9591	9.79858	
-43.7704	9.86605	
-43.566	9.93739	
-43.4057	10.0008	
-43.2228	10.063	
-43.0471	10.0836	
-42.884	10.1191	
-42.7633	10.1693	
-42.6368	10.2119	
-42.5338	10.1826	
-42.447	10.1318	
-42.2956	10.0271	
-42.2019	10.0226	
-42.1864	9.97685	
-42.1919	9.97001	
-42.1538	9.97827	
-42.1814	9.94048	
-42.2382	9.88311	
-42.29	9.81468	
-42.2279	9.74988	
-42.1936	9.7375	
-42.1685	9.79579	
-42.1825	9.91637	
-42.2373	10.0771	
-42.2632	10.2262	
-42.2897	10.3463	
-42.3005	10.489	
-42.2764	10.6428	
-42.2978	10.7994	
-42.2604	10.7834	
-42.2316	10.7967	
-42.2286	10.8122	
-42.2268	10.8164	
-42.2111	10.8714	
-42.1963	10.9368	
-42.2224	11.0009	
-42.1848	11.0183	
-42.172	11.078	
-42.1166	11.1819	
-41.9597	11.1578	
-41.8461	11.1786	
-41.748	11.2137	
-41.6398	11.2653	
-41.5654	11.3435	
-41.5142	11.3755	
-41.4369	11.4242	
-41.3331	11.4335	
-41.2391	11.4761	
-41.1636	11.4562	
-40.9778	11.411	
-40.8262	11.4031	
-40.7429	11.4279	
-40.6474	11.4639	
-40.5763	11.5082	
-40.5145	11.5886	
-40.4777	11.678	
-40.4437	11.7267	
-40.413	11.8109	
-40.3969	11.8935	
-40.1887	11.896	
-40.1053	11.8952	
-40.0516	11.8991	
-40.0674	11.8585	
-40.1209	11.8881	
-40.1359	11.923	
-40.1301	12.0364	
-40.1914	12.1153	
-40.2319	12.2191	
-40.2596	12.3263	
-40.1877	12.3806	
-40.1682	12.4558	
-40.15	12.5106	
-40.155	12.6149	
-40.1997	12.7139	
-40.1635	12.8066	
-40.1827	12.9341	
-40.2311	13.0384	
-40.2537	13.1563	
-40.3276	13.1937	
-40.2256	13.1897	
-40.174	13.1504	
-40.1851	13.1434	
-40.2275	13.1627	
-40.2746	13.184	
-40.283	13.1755	
-40.3344	13.1498	
-40.4112	13.1341	
-40.5031	13.1035	
-40.6025	13.1179	
-40.5146	13.1007	
-40.4139	13.1131	
-40.2807	13.1012	
-40.1907	13.1334	
-40.1302	13.2004	
-40.0549	13.2368	
-39.9764	13.2864	
-39.9159	13.3255	
-39.8564	13.4006	
-39.789	13.4676	
-39.6481	13.4623	
-39.5942	13.447	
-39.5826	13.4535	
-39.5648	13.47	
-39.5798	13.5048	
-39.6071	13.5584	
-39.6116	13.5946	
-39.6657	13.6368	
-39.7092	13.6604	
-39.705	13.6761	
-39.6128	13.675	
-39.572	13.6603	
-39.5578	13.5537	
-39.5975	13.5397	
-39.587	13.5825	
-39.5373	13.6663	
-39.4835	13.7411	
-39.4297	13.817	
-39.4519	13.803	
-39.4464	13.7922	
-39.2977	13.7131	
-39.1817	13.6539	
-39.0648	13.6181	
-38.9528	13.5532	
-38.8877	13.5045	
-38.8468	13.461	
-38.8446	13.3856	
-38.8253	13.3664	
-38.7995	13.3891	
-38.8077	13.3998	
-38.7384	13.3586	
-38.6861	13.3566	
-38.6681	13.3971	
-38.6492	13.4388	
-38.6429	13.4966	
-38.621	13.5443	
-38.6006	13.6092	
-38.5494	13.669	
-38.5057	13.7658	
-38.4572	13.8571	
-38.3483	13.8826	
-38.3067	13.9462	
-38.2653	14.0284	
-38.2259	14.1395	
-38.1415	14.1736	
-38.0799	14.2318	
-38.0442	14.3105	
-38.0127	14.3856	
-37.9686	14.492	
-37.9095	14.5757	
-37.7773	14.661	
-37.6657	14.7359	
-37.5701	14.8407	
-37.4566	14.933	
-37.3413	15.0134	
-37.1839	15.0514	
-37.0464	15.0921	
-36.9664	15.1325	
-36.8432	15.1688	
-36.7386	15.2094	
-36.5793	15.2251	
-36.4067	15.2444	
-36.3038	15.2996	
-36.231	15.3628	
-36.1374	15.3838	
-36.0546	15.4371	
-35.983	15.5067	
-35.9359	15.5777	
-35.8358	15.6164	
-35.728	15.6736	
-35.6001	15.7618	
-35.4773	15.8618	
-35.3594	15.9572	
-35.2758	16.0235	
-35.1512	16.0853	
-35.0315	16.1022	
-34.903	16.127	
-34.8093	16.1555	
-34.7288	16.201	
-34.6553	16.2169	
-34.5667	16.2263	
-34.4784	16.2751	
-34.3717	16.3357	
-34.2385	16.3891	
-34.1131	16.454	
-33.9943	16.5201	
-33.8809	16.5628	
-33.748	16.606	
-33.5852	16.6056	
-33.4386	16.6389	
-33.3183	16.5024	
-33.1495	16.426	
-33.0162	16.3841	
-32.902	16.3412	
-32.7837	16.308	
-32.6438	16.2635	
-32.5023	16.2169	
-32.3614	16.2044	
-32.204	16.1683	
-32.0466	16.1362	
-31.8517	16.103	
-31.6589	16.0963	
-31.4552	16.1111	
-31.2457	16.1344	
-31.0483	16.1676	
-30.8291	16.1976	
-30.6651	16.1915	
-30.5381	16.1975	
-30.4156	16.2098	
-30.275	16.2307	
-30.1807	16.1914	
-30.1067	16.1619	
-30.0363	16.1539	
-29.9833	16.1549	
-29.9499	16.1808	
-29.9237	16.2233	
-29.8733	16.2084	
-29.7927	16.2102	
-29.7421	16.2006	
-29.6743	16.2029	
-29.5349	16.1568	
-29.407	16.1646	
-29.298	16.1845	
-29.1547	16.2109	
-29.0544	16.1819	
-29.0077	16.1274	
-28.9436	16.079	
-28.8331	16.0662	
-28.7266	16.0228	
-28.6628	15.9606	
-28.5649	15.8985	
-28.4966	15.7986	
-28.4303	15.7356	
-28.366	15.6973	
-28.2738	15.6803	
-28.178	15.6445	
-28.0945	15.5695	
-27.9787	15.5267	
-27.8557	15.5249	
-27.7106	15.5336	
-27.489	15.5408	
-27.2711	15.5557	
-27.0416	15.5627	
-26.8291	15.5675	
-26.5947	15.5317	
-26.3893	15.5258	
-26.1871	15.5445	
-25.9854	15.5215	
-25.7812	15.4889	
-25.5903	15.457	
-25.3755	15.4006	
-25.1336	15.303	
-24.935	15.1829	
-24.7326	15.0777	
-24.525	14.9715	
-24.3183	14.86	
-24.114	14.7863	
-23.9689	14.6857	
-23.8352	14.5456	
-23.6727	14.462	
-23.5409	14.3539	
-23.3797	14.2716	
-23.201	14.1915	
-23.0093	14.1322	
-22.7987	14.0398	
-22.6425	13.9421	
-22.4936	13.861	
-22.3883	13.744	
-22.2898	13.654	
-22.1399	13.5827	
-22.0099	13.5206	
-21.9089	13.483	
-21.827	13.472	
-21.7153	13.4578	
-21.6374	13.431	
-21.5815	13.4033	
-21.5148	13.3911	
-21.4522	13.4105	
-21.3591	13.4219	
-21.2851	13.43	
-21.204	13.4603	
-21.1257	13.5	
-21.0559	13.5863	
-21.0118	13.6436	
-20.9625	13.6976	
-20.9272	13.7354	
-20.8796	13.7737	
-20.8302	13.7982	
-20.7696	13.8074	
-20.7406	13.8039	
-20.6507	13.6748	
-20.5343	13.5869	
-20.4272	13.5021	
-20.3174	13.4288	
-20.2056	13.3677	
-20.0991	13.2828	
-19.9997	13.1947	
-19.8689	13.109	
-19.7422	13.0417	
-19.5966	12.9351	
-19.423	12.7973	
-19.2279	12.6491	
-19.0306	12.5166	
-18.8447	12.4067	
-18.6824	12.3178	
-18.5722	12.2375	
-18.4707	12.1563	
-18.3942	12.105	
-18.3105	12.0703	
-18.2274	12.0416	
-18.1616	12.049	
-18.1044	12.0687	
-18.055	12.1285	
-18.0191	12.186	
-17.9817	12.2284	
-17.9568	12.2686	
-17.9308	12.309	
-17.8826	12.3548	
-17.8451	12.4042	
-17.7897	12.4526	
-17.6942	12.4531	
-17.6814	12.4254	
-17.667	12.3995	
-17.6546	12.3808	
-17.632	12.3679	
-17.6217	12.3532	
-17.6276	12.3535	
-17.6157	12.3599	
-17.6261	12.3525	
-17.6269	12.3464	
-17.5811	12.3184	
-17.5422	12.2935	
-17.5036	12.2569	
-17.4528	12.2284	
-17.3946	12.2061	
-17.3313	12.1766	
-17.2537	12.0863	
-17.1686	12.0141	
-17.0779	11.9545	
-16.9872	11.9012	
-16.8837	11.8556	
-16.7891	11.7993	
-16.6966	11.75	
-16.6054	11.6703	
-16.5079	11.5829	
-16.4283	11.5137	
-16.3815	11.4519	
-16.3409	11.3597	
-16.2884	11.2928	
-16.2403	11.2403	
-16.1941	11.182	
-16.1313	11.1306	
-16.0766	11.0714	
-16.0129	11.0169	
-15.9445	10.9705	
-15.8911	10.9296	
-15.8277	10.8944	
-15.8064	10.8503	
-15.7656	10.827	
-15.7359	10.8074	
-15.6781	10.7583	
-15.632	10.7126	
-15.5799	10.6785	
-15.5514	10.6473	
-15.5294	10.6142	
-15.4849	10.5877	
-15.4407	10.5579	
-15.4006	10.5277	
-15.4164	10.5279	
-15.4147	10.5278	
-15.4432	10.551	
-15.4551	10.5702	
-15.4611	10.5787	
-15.451	10.5861	
-15.419	10.5825	
-15.4107	10.5959	
-15.3874	10.5643	
-15.3551	10.5426	
-15.3082	10.5274	
-15.2437	10.5172	
-15.1895	10.405	
-15.1056	10.3024	
-15.0223	10.2201	
-14.9286	10.1568	
-14.854	10.1024	
-14.7736	10.0545	
-14.6942	10.0095	
-14.6695	9.95994	
-14.6353	9.91083	
-14.6149	9.86003	
-14.5796	9.82209	
-14.5495	9.7888	
-14.5055	9.75064	
-14.4486	9.71182	
-14.3856	9.66977	
-14.3379	9.6204	
-14.3095	9.55795	
-14.2748	9.50172	
-14.2239	9.44876	
-14.1766	9.38851	
-14.1303	9.30605	
-14.0824	9.23429	
-14.0477	9.17253	
-13.9888	9.10572	
-13.9324	9.0462	
-13.8746	8.9786	
-13.8075	8.90976	
-13.7507	8.8193	
-13.6822	8.73608	
-13.6609	8.63882	
-13.6188	8.53584	
-13.5564	8.44862	
-13.4804	8.36784	
-13.3985	8.28849	
-13.3417	8.14181	
-13.2648	7.98036	
-13.1801	7.84263	
-13.1037	7.71334	
-13.0228	7.59283	
-12.9824	7.4674	
-12.9377	7.36419	
-12.9114	7.28101	
-12.9027	7.19973	
-12.8723	7.13248	
-12.8346	7.06308	
-12.8078	6.98384	
-12.7607	6.91546	
-12.704	6.8461	
-12.697	6.7808	
-12.7089	6.73373	
-12.6985	6.69982	
-12.7013	6.69323	
-12.7107	6.69175	
-12.7178	6.68838	
-12.7256	6.6916	
-12.7381	6.68287	
-12.775	6.68268	
-12.8254	6.66496	
-12.8372	6.66633	
-12.8411	6.67912	
-12.8948	6.7122	
-12.9575	6.84056	
-13.0077	6.93547	
-13.0284	7.02735	
-13.0485	7.10927	
-13.0537	7.18363	
-13.0595	7.24016	
-13.0704	7.29917	
-13.0879	7.36415	
-13.1364	7.42208	
-13.1615	7.4762	
-13.196	7.55817	
-13.2421	7.64835	
-13.2664	7.73226	
-13.2739	7.80681	
-13.2781	7.87634	
-13.2733	7.93909	
-13.2549	7.99324	
-13.2297	8.03906	
-13.1978	8.07783	
-13.1926	8.11282	
-13.1887	8.14826	
-13.1878	8.17255	
-13.1742	8.18954	
-13.1882	8.25202	
-13.2102	8.32416	
-13.2323	8.39206	
-13.2655	8.45491	
-13.2838	8.51559	
-13.2881	8.55713	
-13.2604	8.59633	
-13.2355	8.62615	
-13.2184	8.64524	
-13.2163	8.65996	
-13.2281	8.66835	
-13.256	8.66588	
-13.2819	8.66734	
-13.3154	8.6683	
-13.3302	8.67741	
-13.3476	8.68265	
-13.3873	8.65504	
-13.4431	8.64472	
-13.4763	8.64844	
-13.5215	8.6597	
-13.5533	8.67297	
-13.5483	8.6801	
-13.5321	8.68803	
-13.5276	8.67861	
-13.5176	8.66646	
-13.4955	8.65682	
-13.4989	8.65899	
-13.4923	8.66284	
-13.4739	8.67078	
-13.4732	8.66273	
-13.4845	8.65225	
-13.4919	8.65679	
-13.4913	8.66934	
-13.5035	8.69661	
-13.5212	8.72067	
-13.5398	8.73392	
-13.5398	8.72089	
-13.5441	8.69587	
-13.5323	8.67358	
-13.5085	8.65104	
-13.4772	8.62619	
-13.4597	8.58494	
-13.4292	8.54852	
-13.4241	8.49505	
-13.4469	8.44695	
-13.4773	8.40101	
-13.519	8.37994	
-13.5491	8.36667	
-13.5522	8.35367	
-13.5394	8.3406	
-13.5269	8.31457	
-13.5028	8.28985	
-13.4681	8.26664	
-13.425	8.24357	
-13.3911	8.2149	
-13.3547	8.18456	
-13.3273	8.13596	
-13.2803	8.10385	
-13.2271	8.07508	
-13.1972	8.05565	
-13.1572	8.03594	
-13.1272	8.00179	
-13.0799	7.97489	
-13.0603	7.94273	
-13.0433	7.93425	
-13.0357	7.92906	
-13.0793	7.92314	
-13.1188	7.91914	
-13.1398	7.92103	
-13.1447	7.92512	
-13.1311	7.93018	
-13.1379	7.92945	
-13.1745	7.90768	
-13.187	7.90566	
-13.1943	7.92505	
-13.1842	7.93999	
-13.1972	7.90425	
-13.189	7.86828	
-13.1647	7.83307	
-13.1291	7.79741	
-13.0847	7.75903	
-13.0289	7.7208	
-12.9806	7.67271	
-12.949	7.6438	
-12.909	7.61615	
-12.8769	7.58003	
-12.8433	7.4741	
-12.8107	7.42751	
-12.7948	7.40222	
-12.7706	7.38599	
-12.7333	7.36796	
-12.6973	7.35567	
-12.6715	7.36819	
-12.6658	7.37169	
-12.6789	7.3702	
-12.6749	7.37406	
-12.6744	7.39222	
-12.6656	7.40878	
-12.6644	7.41849	
-12.6728	7.42481	
-12.674	7.43422	
-12.6639	7.44388	
-12.6461	7.4543	
-12.6238	7.46247	
-12.5978	7.46801	
-12.5687	7.47085	
-12.5089	7.44036	
-12.4446	7.37555	
-12.3845	7.31812	
-12.327	7.26539	
-12.2807	7.22833	
-12.2376	7.19601	
-12.195	7.16548	
-12.1509	7.13572	
-12.1063	7.10685	
-12.0618	7.07877	
-12.0958	7.08013	
-12.1139	7.07297	
-12.1157	7.0652	
-12.131	7.05526	
-12.1457	7.07393	
-12.1782	7.10201	
-12.1991	7.13217	
-12.2081	7.1587	
-12.2302	7.17895	
-12.2533	7.19858	
-12.2808	7.17899	
-12.2815	7.15754	
-12.2677	7.13453	
-12.245	7.10964	
-12.2162	7.0833	
-12.1988	7.04505	
-12.2053	7.05578	
-12.2036	7.06101	
-12.2073	7.05563	
-12.2041	7.04711	
-12.215	7.00646	
-12.2201	6.96856	
-12.2151	6.93505	
-12.2136	6.91343	
-12.2081	6.89622	
-12.1955	6.88004	
-12.2026	6.87145	
-12.2368	6.88974	
-12.2658	6.90371	
-12.2978	6.91393	
-12.2917	6.91845	
-12.2832	6.92381	
-12.2706	6.92688	
-12.2528	6.92755	
-12.2331	6.92343	
-12.2276	6.93586	
-12.2324	6.94425	
-12.2879	6.96916	
-12.3273	6.9993	
-12.3742	7.01554	
-12.4228	7.01014	
-12.4638	7.01695	
-12.4863	7.02692	
-12.4973	7.03465	
-12.52	7.04694	
-12.5496	7.05723	
-12.5633	7.06702	
-12.5636	7.07312	
-12.5772	7.06357	
-12.606	7.05123	
-12.5973	7.0253	
-12.6297	7.01208	
-12.6597	7.02409	
-12.6658	7.03844	
-12.6868	7.06043	
-12.7011	7.08286	
-12.7224	7.09666	
-12.7357	7.11105	
-12.7567	7.11929	
-12.7671	7.13013	
-12.7671	7.00858	
-12.7466	6.94924	
-12.7461	6.9084	
-12.7387	6.88133	
-12.7372	6.86678	
-12.7297	6.85759	
-12.7444	6.83595	
-12.7452	6.82061	
-12.75	6.7965	
-12.7464	6.77668	
-12.7112	6.73939	
-12.7099	6.72525	
-12.7086	6.72035	
-12.7047	6.72105	
-12.7175	6.73656	
-12.7212	6.75277	
-12.7161	6.76806	
-12.7042	6.78223	
-12.6896	6.79547	
-12.7006	6.80778	
-12.7188	6.80276	
-12.759	6.79387	
-12.7889	6.79829	
-12.8068	6.81006	
-12.8158	6.82367	
-12.8272	6.83976	
-12.8353	6.8555	
-12.8378	6.86919	
-12.8365	6.88052	
-12.8674	6.89598	
-12.9063	6.76799	
-12.912	6.69125	
-12.935	6.62532	
-12.955	6.57089	
-12.966	6.53138	
-12.9692	6.50382	
-12.9807	6.49792	
-12.9826	6.49607	
-12.9779	6.49603	
-12.9686	6.49702	
-12.9456	6.48821	
-12.92	6.47716	
-12.8925	6.46632	
-12.8644	6.45666	
-12.8997	6.43722	
-12.9192	6.42978	
-12.9507	6.4304	
-12.9953	6.46099	
-13.0571	6.49886	
-13.105	6.5415	
-13.1674	6.57255	
-13.2125	6.61175	
-13.2407	6.65191	
-13.2578	6.68973	
-13.2673	6.72379	
-13.271	6.75368	
-13.2824	6.77166	
-13.2894	6.78768	
-13.2896	6.80227	
-13.2839	6.81648	
-13.3203	6.81813	
-13.332	6.82948	
-13.3739	6.81132	
-13.3974	6.81596	
-13.4045	6.82382	
-13.4176	6.84094	
-13.4243	6.85991	
-13.4367	6.87898	
-13.4429	6.89845	
-13.4418	6.91579	
-13.4077	6.88773	
-13.3788	6.85383	
-13.3526	6.82199	
-13.3293	6.79359	
-13.3068	6.76998	
-13.298	6.75182	
-13.2927	6.73677	
-13.2867	6.72276	
-13.2782	6.7087	
-13.2687	6.69399	
-13.257	6.71997	
-13.2446	6.73472	
-13.2675	6.75584	
-13.2991	6.77457	
-13.3238	6.79445	
-13.3415	6.81484	
-13.3665	6.85412	
-13.4004	6.89186	
-13.4282	6.93096	
-13.4472	6.9699	
-13.4724	7.06478	
-13.4815	7.14063	
-13.484	7.2095	
-13.504	7.26678	
-13.5368	7.31324	
-13.5553	7.36707	
-13.5668	7.421	
-13.5741	7.47266	
-13.5791	7.52096	
-13.6187	7.54823	
-13.666	7.56666	
-13.7022	7.59111	
-13.7296	7.61828	
-13.7502	7.64611	
-13.7627	7.67442	
-13.786	7.70332	
-13.8064	7.7324	
-13.8229	7.76027	
-13.8334	7.78687	
-13.8387	7.80922	
-13.8638	7.83708	
-13.9028	7.86186	
-13.9364	7.88765	
-13.9616	7.91332	
-13.9822	7.93675	
-13.999	7.95757	
-14.0311	7.97071	
-14.0771	7.98506	
-14.1322	8.00234	
-14.1728	8.02178	
-14.2069	7.99665	
-14.2375	7.98565	
-14.2584	7.98331	
-14.2755	7.98422	
-14.3011	7.97879	
-14.3218	7.97624	
-14.3369	7.97641	
-14.3537	8.00368	
-14.3663	8.03085	
-14.372	8.05438	
-14.4393	8.10829	
-14.4702	8.14933	
-14.4891	8.17842	
-14.4956	8.18119	
-14.4984	8.17631	
-14.4982	8.1718	
-14.4968	8.16805	
-14.495	8.1641	
-14.493	8.15953	
-14.4903	8.15391	
-14.4957	8.14962	
-14.5027	8.1482	
-14.507	8.14873	
-14.527	8.14514	
-14.5389	8.14431	
-14.567	8.13175	
-14.584	8.12524	
-14.5936	8.12044	
-14.6532	8.13835	
-14.6988	8.16405	
-14.7381	8.15898	
-14.7762	8.14189	
-14.8371	8.11921	
-14.8901	8.1016	
-14.9321	8.08746	
-14.9648	8.07472	
-14.9875	8.06361	
-15.0043	8.05199	
-15.0154	8.04012	
-15.0367	8.03074	
-15.0144	7.99526	
-14.9934	7.96622	
-14.9683	7.94161	
-14.9443	7.918	
-14.9222	7.89475	
-14.9018	7.87167	
-14.8817	7.84944	
-14.863	7.82713	
-14.8675	7.78623	
-14.8665	7.75408	
-14.8672	7.69597	
-14.8803	7.65172	
-14.8897	7.61714	
-14.9136	7.58708	
-14.9274	7.56275	
-14.9341	7.54024	
-14.9366	7.51829	
-14.9369	7.49644	
-14.9559	7.48728	
-14.977	7.50963	
-14.9386	7.42644	
-14.9221	7.37558	
-14.9104	7.34521	
-14.9003	7.32621	
-14.8921	7.31339	
-14.8852	7.30427	
-14.8771	7.29866	
-14.8703	7.29373	
-14.8637	7.28915	
-14.8564	7.28567	
-14.8871	7.27381	
-14.9372	7.25817	
-14.9832	7.26099	
-15.0227	7.27668	
-15.0746	7.30013	
-15.1171	7.32164	
-15.1611	7.3633	
-15.2157	7.40287	
-15.2666	7.4451	
-15.3112	7.48901	
-15.3646	7.52088	
-15.4285	7.55647	
-15.4876	7.59351	
-15.5407	7.62889	
-15.6008	7.66735	
-15.6572	7.70443	
-15.7084	7.73842	
-15.7546	7.76897	
-15.7959	7.79644	
-15.8323	7.82121	
-15.8877	7.77295	
-15.9374	7.71971	
-15.9751	7.68087	
-16.0135	7.6661	
-16.0455	7.66615	
-16.0726	7.67271	
-16.0954	7.68229	
-16.1156	7.69292	
-16.1343	7.70382	
-16.1516	7.71471	
-16.1558	7.70866	
-16.1625	7.69981	
-16.1711	7.69199	
-16.1731	7.67502	
-16.1805	7.66476	
-16.2012	7.63745	
-16.2221	7.61591	
-16.2422	7.60336	
-16.2615	7.59875	
-16.2802	7.60047	
-16.2959	7.61692	
-16.3151	7.63973	
-16.3338	7.66548	
-16.3517	7.69295	
-16.3684	7.7212	
-16.3839	7.74954	
-16.4174	7.79545	
-16.4453	7.84089	
-16.4693	7.88447	
-16.4906	7.9256	
-16.5411	7.9288	
-16.582	7.95103	
-16.6163	7.97924	
-16.6672	7.99014	
-16.7084	8.00803	
-16.7436	8.02766	
-16.793	8.04796	
-16.8451	8.07147	
-16.8895	8.09582	
-16.926	8.11938	
-16.9561	8.13238	
-16.9816	8.14707	
-17.0057	8.16242	
-17.0284	8.17709	
-17.0624	8.19615	
-17.0908	8.21201	
-17.1128	8.2273	
-17.1509	8.22176	
-17.1801	8.22378	
-17.2176	8.21717	
-17.2429	8.2117	
-17.2597	8.20562	
-17.2723	8.19788	
-17.2822	8.18836	
-17.2901	8.17744	
-17.2978	8.1662	
-17.3202	8.16594	
-17.337	8.16391	
-17.3501	8.16	
-17.3728	8.1476	
-17.3797	8.14176	
-17.3875	8.14004	
-17.3946	8.14111	
-17.4004	8.1437	
-17.405	8.14698	
-17.423	8.13654	
-17.4398	8.1309	
-17.4659	8.16344	
-17.4878	8.19279	
-17.5065	8.21973	
-17.5027	8.22827	
-17.4958	8.23168	
-17.49	8.23607	
-17.4862	8.24244	
-17.48	8.24945	
-17.4761	8.25813	
-17.474	8.26762	
-17.4706	8.27973	
-17.4685	8.29142	
-17.4671	8.30277	
-17.4682	8.25432	
-17.4714	8.21408	
-17.476	8.18329	
-17.4807	8.16062	
-17.507	8.13596	
-17.5259	8.11955	
-17.5342	8.10705	
-17.5651	8.08218	
-17.5892	8.06927	
-17.6084	8.063	
-17.609	8.03743	
-17.6155	8.02412	
-17.6227	8.01649	
-17.6695	8.00256	
-17.7041	8.00153	
-17.7306	8.00659	
-17.748	8.01738	
-17.7623	8.02885	
-17.7713	8.04269	
-17.7812	8.05507	
-17.8284	8.0444	
-17.8654	8.0451	
-17.8947	8.05124	
-17.9182	8.06017	
-17.9368	8.07049	
-17.9495	8.08256	
-17.9586	8.09509	
-17.9672	8.10593	
-17.9753	8.11508	
-17.9829	8.12278	
-17.9966	8.1126	
-18.0404	8.11685	
-18.0818	8.12668	
-18.1199	8.13855	
-18.1552	8.1505	
-18.1921	8.13182	
-18.2309	8.12475	
-18.2666	8.12252	
-18.2995	8.12289	
-18.3304	8.12476	
-18.378	8.10511	
-18.4109	8.09844	
-18.4378	8.09312	
-18.4608	8.0869	
-18.4807	8.07932	
-18.4984	8.07066	
-18.5145	8.06087	
-18.5294	8.05002	
-18.5429	8.03842	
-18.5537	8.02656	
-18.5595	7.99778	
-18.5806	7.97745	
-18.6008	7.96006	
-18.619	7.94416	
-18.6355	7.92911	
-18.6497	7.91523	
-18.6638	7.90113	
-18.6779	7.88675	
-18.6921	7.87207	
-18.7066	7.85708	
-18.7285	7.87122	
-18.742	7.88656	
-18.7559	7.90036	
-18.7667	7.91304	
-18.7761	7.9234	
-18.7846	7.93186	
-18.7934	7.94039	
-18.8044	7.95099	
-18.8184	7.96481	
-18.8338	7.98248	
-18.8317	8.0064	
-18.835	8.03197	
-18.8417	8.0604	
-18.8536	8.0889	
-18.8624	8.11936	
-18.8759	8.14978	
-18.8914	8.18049	
-18.9077	8.2115	
-18.924	8.24323	
-18.9409	8.27481	
-18.9543	8.29638	
-18.9726	8.32239	
-19.0297	8.3781	
-19.0787	8.43375	
-19.1221	8.48729	
-19.1595	8.54045	
-19.1956	8.59078	
-19.2316	8.6384	
-19.2857	8.69884	
-19.3515	8.74743	
-19.3796	8.80531	
-19.4261	8.86939	
-19.4729	8.929	
-19.5177	8.98342	
-19.5602	9.03332	
-19.6005	9.07947	
-19.6393	9.12213	
-19.6772	9.16134	
-19.7146	9.19747	
-19.7514	9.23112	
-19.7969	9.27804	
-19.84	9.32195	
-19.881	9.36216	
-19.9208	9.39939	
-19.9596	9.43411	
-19.9981	9.46653	
-20.0365	9.49682	
-20.0748	9.52533	
-20.1128	9.55249	
-20.1504	9.57855	
-20.1415	9.55561	
-20.1672	9.52555	
-20.1894	9.50956	
-20.2274	9.53769	
-20.2625	9.56836	
-20.2936	9.60087	
-20.3562	9.61598	
-20.4164	9.63713	
-20.4668	9.66464	
-20.5135	9.6935	
-20.586	9.74798	
-20.6616	9.80048	
-20.7368	9.84832	
-20.8108	9.89226	
-20.8831	9.93337	
-20.9535	9.97247	
-21.0217	10.0101	
-21.0878	10.0468	
-21.1516	10.0826	
-21.2131	10.1179	
-21.2153	10.1457	
-21.2338	10.1774	
-21.2608	10.2096	
-21.294	10.2412	
-21.3317	10.272	
-21.3732	10.302	
-21.4322	10.3247	
-21.5085	10.3395	
-21.5989	10.3521	
-21.6849	10.3705	
-21.7393	10.4305	
-21.7938	10.4747	
-21.8509	10.513	
-21.909	10.5478	
-21.9673	10.5796	
-22.0254	10.6092	
-22.0836	10.6367	
-22.141	10.6626	
-22.198	10.6869	
-22.2545	10.7098	
-22.2702	10.6824	
-22.2914	10.6811	
-22.3119	10.6864	
-22.3328	10.6948	
-22.3541	10.706	
-22.3761	10.7191	
-22.3991	10.733	
-22.4276	10.76	
-22.458	10.7875	
-22.4899	10.8131	
-22.5478	10.8292	
-22.5931	10.8431	
-22.6296	10.856	
-22.6832	10.8597	
-22.73	10.8697	
-22.7728	10.8839	
-22.8103	10.9031	
-22.8475	10.9241	
-22.8855	10.9464	
-22.9255	10.9701	
-22.8968	10.9689	
-22.8879	10.9777	
-22.8843	10.9947	
-22.8918	11.0143	
-22.907	11.0357	
-22.9287	11.0582	
-22.9555	11.0816	
-22.9866	11.1057	
-23.021	11.1305	
-23.0579	11.156	
-23.0878	11.1544	
-23.1383	11.1622	
-23.2007	11.1737	
-23.271	11.1873	
-23.3465	11.2026	
-23.4255	11.2199	
-23.5133	11.2534	
-23.6012	11.2883	
-23.6917	11.3226	
-23.7808	11.3595	
-23.8349	11.3805	
-23.9055	11.3977	
-23.9803	11.4174	
-24.0561	11.4399	
-24.1321	11.4648	
-24.2076	11.4916	
-24.2817	11.5208	
-24.3562	11.5512	
-24.4311	11.5824	
-24.5061	11.6143	
-24.5656	11.5992	
-24.6286	11.5839	
-24.6914	11.5773	
-24.7538	11.579	
-24.8156	11.5874	
-24.877	11.6011	
-24.9377	11.6186	
-24.9978	11.6392	
-25.0572	11.6621	
-25.1159	11.6868	
-25.1502	11.7091	
-25.2043	11.7353	
-25.2606	11.7608	
-25.3306	11.7747	
-25.3993	11.7895	
-25.4648	11.8065	
-25.5272	11.8253	
-25.5874	11.8455	
-25.646	11.8666	
-25.7286	11.8818	
-25.7454	11.9093	
-25.7646	11.9344	
-25.7864	11.9569	
-25.8113	11.9772	
-25.8609	11.973	
-25.9078	11.9759	
-25.9535	11.9831	
-25.9992	11.9929	
-26.0455	12.0047	
-26.0923	12.0182	
-26.1231	12.038	
-26.1634	12.0638	
-26.2077	12.089	
-26.2545	12.1127	
-26.3031	12.1349	
-26.3536	12.1561	
-26.4056	12.177	
-26.459	12.1979	
-26.5136	12.219	
-26.5695	12.2403	
-26.6133	12.2113	
-26.6498	12.1844	
-26.6834	12.1695	
-26.7234	12.1597	
-26.768	12.1555	
-26.8289	12.1574	
-26.8936	12.1638	
-26.9598	12.1734	
-27.0266	12.1854	
-27.0941	12.199	
-27.1626	12.1706	
-27.233	12.145	
-27.3021	12.1242	
-27.3702	12.107	
-27.4378	12.0925	
-27.5051	12.0805	
-27.5723	12.071	
-27.6394	12.0639	
-27.7063	12.0592	
-27.7729	12.057	
-27.7812	12.0498	
-27.7881	12.0494	
-27.8	12.0508	
-27.8187	12.0535	
-27.8444	12.0575	
-27.8769	12.0622	
-27.9156	12.0675	
-27.9597	12.0734	
-28.0085	12.0801	
-28.0612	12.0879	
-28.0687	12.0857	
-28.088	12.0794	
-28.1489	12.0652	
-28.2222	12.0593	
-28.301	12.0621	
-28.3809	12.0747	
-28.4641	12.0916	
-28.5495	12.1118	
-28.6365	12.135	
-28.7253	12.1609	
-28.7803	12.1738	
-28.8501	12.1964	
-28.9248	12.2205	
-29.0135	12.2574	
-29.1058	12.297	
-29.1991	12.337	
-29.2929	12.3764	
-29.3868	12.4151	
-29.4806	12.4529	
-29.5742	12.4898	
-29.6378	12.5211	
-29.7032	12.5437	
-29.7715	12.5632	
-29.8369	12.5744	
-29.9052	12.5847	
-29.9765	12.5949	
-30.0502	12.6052	
-30.1258	12.6157	
-30.2029	12.6266	
-30.2812	12.6379	
-30.2794	12.6575	
-30.3005	12.6678	
-30.3341	12.6773	
-30.3769	12.6876	
-30.4269	12.6989	
-30.48	12.7125	
-30.5373	12.7271	
-30.5985	12.7424	
-30.6632	12.7583	
-30.7308	12.7745	
-30.7331	12.7664	
-30.7468	12.7635	
-30.772	12.7667	
-30.8015	12.7728	
-30.839	12.7824	
-30.884	12.7948	
-30.9354	12.8094	
-30.9893	12.8294	
-31.0485	12.8496	
-31.1164	12.8785	
-31.1316	12.8755	
-31.1533	12.8652	
-31.181	12.8561	
-31.2138	12.8489	
-31.2513	12.8438	
-31.2931	12.8409	
-31.339	12.8401	
-31.3879	12.8414	
-31.4526	12.8443	
-31.5208	12.8503	
-31.6105	12.8468	
-31.7062	12.8534	
-31.8037	12.8647	
-31.9016	12.8789	
-31.9974	12.8966	
-32.1003	12.9242	
-32.2047	12.9532	
-32.3095	12.9818	
-32.4146	13.0097	
-32.5199	13.0366	
-32.528	12.9276	
-32.5369	12.8446	
-32.549	12.7871	
-32.6023	12.7214	
-32.6557	12.6793	
-32.7127	12.654	
-32.7744	12.6405	
-32.8409	12.6356	
-32.9121	12.6367	
-32.9878	12.6416	
-33.013	12.6317	
-33.0476	12.6279	
-33.0927	12.6292	
-33.1464	12.634	
-33.2071	12.6416	
-33.2737	12.6513	
-33.3424	12.6627	
-33.436	12.6544	
-33.5283	12.6541	
-33.6204	12.659	
-33.6706	12.6513	
-33.7321	12.6569	
-33.7996	12.6677	
-33.8717	12.6808	
-33.948	12.6948	
-34.0279	12.7091	
-34.1108	12.7234	
-34.1961	12.7377	
-34.2836	12.7522	
-34.373	12.7669	
-34.4181	12.7476	
-34.4791	12.7296	
-34.5465	12.7173	
-34.6183	12.7099	
-34.6936	12.7056	
-34.7723	12.7032	
-34.854	12.7026	
-34.9383	12.7034	
-35.0248	12.7056	
-35.1131	12.709	
-35.1496	12.638	
-35.1954	12.5951	
-35.2484	12.567	
-35.3	12.5549	
-35.3602	12.5459	
-35.4256	12.541	
-35.4954	12.5395	
-35.5688	12.5408	
-35.6461	12.5441	
-35.7249	12.5466	
-35.7578	12.4892	
-35.8025	12.4673	
-35.855	12.456	
-35.9134	12.4503	
-35.9766	12.4481	
-36.0437	12.4485	
-36.1144	12.4508	
-36.1879	12.4545	
-36.264	12.4593	
-36.3423	12.4651	
-36.352	12.4369	
-36.381	12.4183	
-36.4192	12.4059	
-36.4646	12.3987	
-36.5295	12.3855	
-36.6006	12.3766	
-36.675	12.3727	
-36.7519	12.373	
-36.8309	12.3767	
-36.9118	12.383	
-36.8777	12.3346	
-36.8762	12.2949	
-36.8935	12.2683	
-36.9258	12.2529	
-36.9707	12.2451	
-37.0265	12.2419	
-37.0913	12.2417	
-37.1637	12.2437	
-37.2423	12.2473	
-37.3259	12.2522	
-37.3125	12.2028	
-37.3356	12.1757	
-37.3751	12.1605	
-37.4249	12.1526	
-37.4824	12.1493	
-37.5452	12.1492	
-37.6323	12.1483	
-37.718	12.1468	
-37.8048	12.1493	
-37.893	12.155	
-37.9309	12.1499	
-37.9801	12.148	
-38.0364	12.1494	
-38.0975	12.1528	
-38.1614	12.1572	
-38.25	12.1728	
-38.3499	12.199	
-38.4485	12.2232	
-38.5455	12.2458	
-38.6377	12.2716	
-38.6973	12.2977	
-38.75	12.3167	
-38.8043	12.3305	
-38.8609	12.3402	
-38.9279	12.353	
-38.9986	12.3647	
-39.0724	12.3744	
-39.1498	12.381	
-39.2311	12.384	
-39.3161	12.3838	
-39.3822	12.4061	
-39.4595	12.4166	
-39.5415	12.4221	
-39.6265	12.4247	
-39.7131	12.4244	
-39.8102	12.4304	
-39.907	12.4339	
-40.0043	12.436	
-40.1026	12.4371	
-40.202	12.4375	
-40.2435	12.434	
-40.2913	12.4336	
-40.3436	12.4319	
-40.4002	12.4292	
-40.4616	12.425	
-40.5225	12.4181	
-40.5871	12.4098	
-40.6563	12.4008	
-40.73	12.3914	
-40.8075	12.3818	
-40.7219	12.2899	
-40.6872	12.2356	
-40.6801	12.1944	
-40.6939	12.1607	
-40.7242	12.132	
-40.7678	12.1069	
-40.8223	12.0843	
-40.8857	12.0638	
-40.9563	12.045	
-41.0328	12.0276	
-41.0833	11.9801	
-41.1319	11.9473	
-41.188	11.9191	
-41.251	11.8931	
-41.3262	11.8758	
-41.4048	11.8582	
-41.4865	11.8406	
-41.5711	11.8232	
-41.6584	11.8058	
-41.7482	11.7884	
-41.8195	11.7639	
-41.8937	11.73	
-41.9709	11.6919	
-42.0514	11.6523	
-42.1349	11.6125	
-42.2208	11.573	
-42.3086	11.5342	
-42.3982	11.4964	
-42.4963	11.4619	
-42.5958	11.4291	
-42.5946	11.3721	
-42.6232	11.3255	
-42.6656	11.2834	
-42.7171	11.2447	
-42.7757	11.2087	
-42.8403	11.175	
-42.9098	11.1428	
-42.9901	11.1195	
-43.0728	11.0964	
-43.158	11.0735	
-43.2375	11.0317	
-43.3176	10.9884	
-43.3967	10.9464	
-43.4759	10.9067	
-43.5561	10.8699	
-43.6378	10.8357	
-43.7214	10.8041	
-43.8067	10.7748	
-43.8939	10.7475	
-43.9827	10.7218	
-44.0024	10.6651	
-44.0387	10.625	
-44.0838	10.5899	
-44.1355	10.5577	
-44.1927	10.5274	
-44.2547	10.4987	
-44.3211	10.4715	
-44.3912	10.4457	
-44.4691	10.4256	
-44.55	10.4067	
-44.5491	10.3733	
-44.5688	10.3344	
-44.5991	10.2976	
-44.6363	10.2639	
-44.6793	10.2328	
-44.7271	10.2037	
-44.7793	10.1763	
-44.8231	10.1426	
-44.8686	10.1115	
-44.9193	10.0843	
-44.8762	10.089	
-44.8552	10.0934	
-44.8495	10.0985	
-44.8743	10.0691	
-44.9059	10.0483	
-44.9529	10.0323	
-45.0042	10.0177	
-45.0597	10.0031	
-45.1194	9.98764	
-45.183	9.97125	
-45.1517	9.9473	
-45.1411	9.91587	
-45.1419	9.88689	
-45.1527	9.85965	
-45.1727	9.83339	
-45.2011	9.80777	
-45.2372	9.78268	
-45.2802	9.75806	
-45.3295	9.73387	
-45.3848	9.70958	
-45.3551	9.6651	
-45.3507	9.63713	
-45.3601	9.61176	
-45.38	9.58713	
-45.4097	9.56291	
-45.4485	9.53909	
-45.4957	9.51565	
-45.5502	9.49261	
-45.6113	9.46996	
-45.6782	9.44769	
-45.6562	9.44103	
-45.658	9.42791	
-45.6729	9.41151	
-45.6981	9.39284	
-45.732	9.37255	
-45.7738	9.35112	
-45.8227	9.32894	
-45.878	9.30638	
-45.9394	9.28372	
-46.0061	9.26112	
-46.0428	9.25458	
-46.0762	9.24159	
-46.112	9.22637	
-46.1512	9.20929	
-46.1942	9.19049	
-46.2411	9.17031	
-46.2919	9.14914	
-46.3466	9.1273	
-46.405	9.1051	
-46.467	9.08273	
-46.4375	9.04909	
-46.4157	9.03245	
-46.4047	9.02169	
-46.4046	9.01314	
-46.4149	9.00514	
-46.4347	8.99689	
-46.4632	8.98804	
-46.4996	8.97845	
-46.5437	8.96894	
-46.5975	8.96356	
-46.622	8.90367	
-46.6466	8.84847	
-46.6757	8.8028	
-46.7104	8.76518	
-46.7507	8.73375	
-46.7967	8.70723	
-46.8482	8.68463	
-46.905	8.66513	
-46.9662	8.64802	
-47.0252	8.63213	
-46.9671	8.58576	
-46.9409	8.54441	
-46.9336	8.50946	
-46.9407	8.47905	
-46.9599	8.45172	
-46.9896	8.42656	
-47.0283	8.40303	
-47.0748	8.38084	
-47.1282	8.35977	
-47.1876	8.33967	
-47.1401	8.32721	
-47.1218	8.30401	
-47.1172	8.27971	
-47.123	8.25633	
-47.1379	8.23412	
-47.1612	8.213	
-47.192	8.19286	
-47.2299	8.1736	
-47.2743	8.15514	
-47.3245	8.1374	
-47.2951	8.0739	
-47.2886	8.03307	
-47.2973	8.00344	
-47.3275	7.98223	
-47.3662	7.96589	
-47.4126	7.95269	
-47.4658	7.94158	
-47.525	7.93186	
-47.5897	7.92304	
-47.659	7.91476	
-47.6645	7.90692	
-47.6961	7.90324	
-47.738	7.89968	
-47.7869	7.89523	
-47.8416	7.88962	
-47.9014	7.88286	
-47.9658	7.87502	
-48.0343	7.86625	
-48.1065	7.85666	
-48.182	7.84635	
-48.1271	7.81743	
-48.0987	7.7968	
-48.0876	7.77894	
-48.0902	7.76146	
-48.1041	7.74346	
-48.1279	7.72469	
-48.1604	7.70514	
-48.2005	7.6849	
-48.2477	7.6642	
-48.301	7.64309	
-48.234	7.59595	
-48.2026	7.56124	
-48.1924	7.53504	
-48.1978	7.5136	
-48.2159	7.4945	
-48.2445	7.47635	
-48.2822	7.45842	
-48.3278	7.44036	
-48.3803	7.42202	
-48.4329	7.40306	
-48.4586	7.35423	
-48.4932	7.31061	
-48.5339	7.2696	
-48.5804	7.23096	
-48.6323	7.19444	
-48.6893	7.15985	
-48.7508	7.12703	
-48.8165	7.09586	
-48.886	7.06623	
-48.9584	7.03843	
-48.9338	6.98585	
-48.9478	6.96039	
-48.9737	6.94696	
-49.0094	6.93845	
-49.0536	6.93198	
-49.1052	6.92616	
-49.1634	6.92031	
-49.2272	6.91407	
-49.2959	6.90725	
-49.3688	6.89979	
-49.378	6.88108	
-49.3835	6.86837	
-49.396	6.86003	
-49.4168	6.85418	
-49.4455	6.84961	
-49.4816	6.84557	
-49.5246	6.84161	
-49.5738	6.8374	
-49.6287	6.83269	
-49.6885	6.82734	
-49.7518	6.82081	
-49.8181	6.81302	
-49.8873	6.80404	
-49.9591	6.79395	
-50.0333	6.78281	
-50.1097	6.77071	
-50.188	6.75769	
-50.268	6.74382	
-50.3495	6.72917	
-50.4323	6.71378	
-50.3885	6.63995	
-50.3814	6.59671	
-50.3919	6.56619	
-50.4147	6.54257	
-50.447	6.52276	
-50.4874	6.50493	
-50.5345	6.48797	
-50.5875	6.47121	
-50.6454	6.45423	
-50.7075	6.43682	
-50.7323	6.41161	
-50.7652	6.38821	
-50.8043	6.36871	
-50.8486	6.35182	
-50.8973	6.33602	
-50.9557	6.32887	
-51.0176	6.32207	
-51.0817	6.31396	
-51.1478	6.30428	
-51.2159	6.29309	
-51.2774	6.27084	
-51.349	6.25647	
-51.4309	6.24355	
-51.5127	6.23034	
-51.5947	6.21647	
-51.6769	6.20195	
-51.7594	6.18683	
-51.8422	6.17115	
-51.9252	6.15495	
-52.0083	6.13827	
-52.0353	6.1277	
-52.0683	6.09701	
-52.1053	6.07621	
-52.1485	6.06065	
-52.1976	6.04727	
-52.2517	6.03446	
-52.3101	6.02138	
-52.372	6.00759	
-52.4371	5.99207	
-52.5051	5.97417	
-52.5518	5.94001	
-52.5988	5.907	
-52.6491	5.87583	
-52.7025	5.84563	
-52.7587	5.81591	
-52.8174	5.78646	
-52.8782	5.75723	
-52.9409	5.72822	
-53.0053	5.69947	
-53.071	5.67099	
-53.1509	5.657	
-53.227	5.63839	
-53.3014	5.61792	
-53.3749	5.59649	
-53.4481	5.57454	
-53.5211	5.55235	
-53.594	5.5301	
-53.6668	5.50792	
-53.7396	5.48587	
-53.8125	5.46399	
-53.8565	5.45636	
-53.8912	5.45062	
-53.9236	5.4482	
-53.9571	5.44719	
-53.993	5.44619	
-54.0317	5.44444	
-54.0731	5.44156	
-54.1171	5.43739	
-54.1634	5.43188	
-54.2119	5.42499	
-54.1766	5.39728	
-54.1635	5.39527	
-54.1648	5.39976	
-54.1765	5.40522	
-54.1964	5.40953	
-54.2231	5.41182	
-54.2554	5.41179	
-54.2927	5.40941	
-54.3341	5.40482	
-54.3791	5.39819	
-54.3512	5.4055	
-54.323	5.41769	
-54.3008	5.43208	
-54.2852	5.4458	
-54.2759	5.45726	
-54.2726	5.46585	
-54.275	5.47147	
-54.2828	5.47423	
-54.2955	5.47434	
-54.3129	5.47201	
-54.2198	5.4596	
-54.1459	5.46474	
-54.0869	5.47596	
-54.0409	5.48815	
-54.0063	5.49888	
-53.9821	5.50708	
-53.9671	5.51237	
-53.9605	5.5147	
-53.9615	5.51422	
-53.9694	5.51113	
-53.8642	5.43436	
-53.7838	5.39614	
-53.72	5.37336	
-53.6702	5.35782	
-53.6329	5.34576	
-53.6068	5.33522	
-53.5908	5.32515	
-53.5842	5.31494	
-53.5859	5.30425	
-53.5953	5.29288	
-53.5219	5.30518	
-53.4578	5.31139	
-53.4057	5.31668	
-53.3653	5.32058	
-53.3361	5.32229	
-53.3172	5.32147	
-53.3077	5.31808	
-53.3069	5.31227	
-53.314	5.30429	
-53.3285	5.29439	
-53.3067	5.24854	
-53.3	5.21388	
-53.3083	5.18788	
-53.3286	5.16662	
-53.3586	5.14778	
-53.3967	5.13005	
-53.4414	5.1127	
-53.4918	5.09535	
-53.5472	5.07782	
-53.6068	5.06002	
-53.5696	5.06044	
-53.5415	5.05961	
-53.5252	5.06349	
-53.5204	5.07039	
-53.5255	5.07811	
-53.5448	5.08614	
-53.5725	5.09334	
-53.6068	5.09894	
-53.647	5.10253	
-53.6924	5.10393	
-53.6929	5.09136	
-53.6837	5.07936	
-53.6782	5.07354	
-53.6797	5.0724	
-53.6913	5.07264	
-53.7175	5.07056	
-53.7497	5.06846	
-53.7862	5.06613	
-53.8266	5.06307	
-53.8708	5.05896	
-53.7126	5.10071	
-53.5962	5.16665	
-53.5068	5.23258	
-53.4391	5.29181	
-53.3894	5.34197	
-53.3554	5.38259	
-53.3349	5.4143	
-53.3249	5.43918	
-53.325	5.45712	
-53.3344	5.46845	
-53.2582	5.48301	
-53.2027	5.49799	
-53.165	5.51124	
-53.1433	5.52033	
-53.1355	5.52415	
-53.1398	5.5225	
-53.1545	5.51567	
-53.1782	5.50415	
-53.2097	5.48851	
-53.248	5.46933	
-53.2428	5.41776	
-53.2527	5.3764	
-53.2739	5.33856	
-53.3047	5.30269	
-53.3435	5.268	
-53.3892	5.23406	
-53.4408	5.20059	
-53.4976	5.16748	
-53.5587	5.13464	
-53.6236	5.10204	
-53.6234	5.08829	
-53.6199	5.08992	
-53.6204	5.08918	
-53.6259	5.08378	
-53.637	5.07402	
-53.6536	5.06061	
-53.6758	5.04427	
-53.7034	5.02561	
-53.736	5.00513	
-53.7734	4.98325	
-53.6833	4.94794	
-53.6029	4.92654	
-53.544	4.91167	
-53.5051	4.89918	
-53.4835	4.88677	
-53.4769	4.8733	
-53.4832	4.85829	
-53.5005	4.84164	
-53.5273	4.82343	
-53.5624	4.80383	
-53.5488	4.77585	
-53.5412	4.75422	
-53.5418	4.73568	
-53.5509	4.71858	
-53.568	4.70172	
-53.5925	4.6844	
-53.6233	4.66624	
-53.66	4.64706	
-53.7017	4.62684	
-53.7481	4.6056	
-53.7089	4.5959	
-53.6931	4.58983	
-53.6856	4.58455	
-53.685	4.57866	
-53.691	4.57148	
-53.7037	4.56271	
-53.7228	4.55227	
-53.748	4.54015	
-53.7789	4.52641	
-53.815	4.51115	
-53.7498	4.49637	
-53.7136	4.49276	
-53.6951	4.49361	
-53.6903	4.49522	
-53.697	4.49535	
-53.7135	4.49284	
-53.7386	4.48725	
-53.7713	4.47849	
-53.8106	4.46671	
-53.8557	4.45215	
-53.7854	4.42555	
-53.7502	4.41622	
-53.732	4.40729	
-53.7269	4.39487	
-53.7329	4.37785	
-53.7485	4.35631	
-53.7726	4.33093	
-53.8052	4.29765	
-53.846	4.25453	
-53.8942	4.20258	
-53.8471	4.12675	
-53.8305	4.06744	
-53.8325	4.01038	
-53.8483	3.95339	
-53.8751	3.89602	
-53.9112	3.8383	
-53.955	3.78047	
-54.0055	3.72283	
-54.0616	3.6657	
-54.1225	3.60935	
-54.0491	3.62054	
-54.0091	3.6352	
-53.989	3.64839	
-53.9838	3.65709	
-53.9911	3.66007	
-54.009	3.6573	
-54.036	3.64929	
-54.0709	3.63671	
-54.1128	3.62026	
-54.1609	3.60068	
-54.1881	3.5626	
-54.2115	3.52785	
-54.2411	3.49994	
-54.278	3.47677	
-54.3216	3.45619	
-54.371	3.43671	
-54.4256	3.41743	
-54.4847	3.39785	
-54.5477	3.3777	
-54.614	3.35687	
-54.5622	3.34521	
-54.5372	3.3275	
-54.5311	3.31117	
-54.5395	3.29422	
-54.56	3.27532	
-54.5904	3.25405	
-54.6294	3.23046	
-54.6757	3.20486	
-54.7282	3.17762	
-54.7861	3.1491	
-54.7407	3.14624	
-54.7155	3.15848	
-54.7077	3.17094	
-54.7141	3.17984	
-54.7325	3.18394	
-54.7552	3.19198	
-54.7875	3.19477	
-54.8285	3.19191	
-54.8769	3.18424	
-54.9315	3.17256	
-54.9728	3.17544	
-55.0193	3.18207	
-55.0729	3.18725	
-55.1329	3.18903	
-55.1979	3.18696	
-55.2672	3.18124	
-55.34	3.17226	
-55.4155	3.1605	
-55.4932	3.14642	
-55.5726	3.13044	
-55.4837	3.06202	
-55.4099	3.02697	
-55.3556	3.00885	
-55.319	2.99919	
-55.2978	2.99309	
-55.2901	2.98781	
-55.2942	2.98192	
-55.3086	2.97472	
-55.3383	2.96385	
-55.3746	2.95279	
-55.3264	3.01746	
-55.3147	3.07472	
-55.322	3.11739	
-55.3428	3.14666	
-55.3744	3.16413	
-55.4148	3.17149	
-55.4625	3.1704	
-55.5164	3.16236	
-55.5754	3.14869	
-55.6389	3.13052	
-55.6477	3.11148	
-55.649	3.10179	
-55.6558	3.09817	
-55.67	3.09631	
-55.6915	3.09374	
-55.7196	3.08936	
-55.7537	3.08279	
-55.7931	3.07402	
-55.8373	3.06318	
-55.8858	3.05044	
